0.00011229515075683594
9.1552734375e-05
3.0279159545898438e-05
2.0265579223632812e-05
1.8835067749023438e-05
1.8596649169921875e-05
2.1696090698242188e-05
1.8358230590820312e-05
1.811981201171875e-05
1.811981201171875e-05
1.8358230590820312e-05
1.811981201171875e-05
2.002716064453125e-05
2.002716064453125e-05
2.193450927734375e-05
1.8835067749023438e-05
2.288818359375e-05
2.9087066650390625e-05
2.1219253540039062e-05
1.811981201171875e-05
1.7642974853515625e-05
2.4557113647460938e-05
1.7404556274414062e-05
2.2172927856445312e-05
1.8358230590820312e-05
1.8358230590820312e-05
1.7642974853515625e-05
1.8835067749023438e-05
1.7404556274414062e-05
1.7642974853515625e-05
1.7642974853515625e-05
1.7881393432617188e-05
1.7881393432617188e-05
2.9325485229492188e-05
2.002716064453125e-05
1.7642974853515625e-05
1.7881393432617188e-05
2.47955322265625e-05
2.3603439331054688e-05
2.0503997802734375e-05
1.811981201171875e-05
1.7881393432617188e-05
2.09808349609375e-05
1.7881393432617188e-05
2.09808349609375e-05
1.9073486328125e-05
1.811981201171875e-05
1.811981201171875e-05
1.9073486328125e-05
2.002716064453125e-05
1.8835067749023438e-05
1.8835067749023438e-05
1.811981201171875e-05
2.2649765014648438e-05
1.8358230590820312e-05
1.7881393432617188e-05
1.7881393432617188e-05
1.9550323486328125e-05
1.8358230590820312e-05
1.811981201171875e-05
2.0742416381835938e-05
1.8358230590820312e-05
1.9073486328125e-05
1.8596649169921875e-05
2.0265579223632812e-05
1.8596649169921875e-05
1.811981201171875e-05
1.811981201171875e-05
1.8358230590820312e-05
1.8358230590820312e-05
1.9073486328125e-05
2.002716064453125e-05
2.1219253540039062e-05
1.9073486328125e-05
2.1696090698242188e-05
2.2649765014648438e-05
1.8358230590820312e-05
1.811981201171875e-05
1.8358230590820312e-05
1.9073486328125e-05
1.9073486328125e-05
2.002716064453125e-05
1.8596649169921875e-05
7.128715515136719e-05
2.193450927734375e-05
1.8358230590820312e-05
1.8596649169921875e-05
2.2411346435546875e-05
2.002716064453125e-05
1.8835067749023438e-05
2.1219253540039062e-05
1.9550323486328125e-05
1.8835067749023438e-05
2.2649765014648438e-05
1.9550323486328125e-05
1.9311904907226562e-05
1.8835067749023438e-05
1.8596649169921875e-05
1.7881393432617188e-05
1.7881393432617188e-05
1.7881393432617188e-05
1.8358230590820312e-05
1.8835067749023438e-05
1.9073486328125e-05
1.811981201171875e-05
2.09808349609375e-05
1.001380443572998
