0.8750140368938446
0.7656487263739109
0.6699464204721153
0.5862056511105038
0.5129322991051595
0.4488180862981608
0.39271853752222796
0.3436310151107733
0.3006794031984281
0.26309674277512607
0.23021194470705916
0.20143771659517823
0.17626050541586152
0.1542304456339594
0.13495438174337415
0.11808743840892101
0.1033293696307551
0.09041683431024201
0.07911738242815426
0.06922997460113645
0.06057843314785108
0.05300919864357563
0.04638522438266298
0.040589842950812166
0.0355184073607845
0.031080901219510293
0.027197993938928196
0.0238005990800308
0.020827699764561253
0.018226442665847786
0.015950342704473503
0.013958785040593393
0.012216172084698296
0.010692816259764695
0.009358717622374675
0.008191083291434531
0.007169433054184292
0.006276353363939576
0.00549475962336351
0.0048104776701684135
0.0042114329378988265
0.0036872389948405505
0.003228956724855599
0.0028275723084277265
0.0024767483742443776
0.002169539013254846
0.0019006116130994549
0.0016653001379634878
0.0014595218065090675
0.0012795849757760004
0.0011219912372726283
0.0009840967160821778
0.0008633496030733703
0.0007582621233160301
0.0006657741367253789
0.0005847875438137837
0.0005139242750161379
0.00045212753107491167
0.00039790636851440026
0.00035043304895156506
0.00030922171988034895
0.00027286378371915786
0.00024113999654527875
0.00021332207812335913
0.00018919001576089335
0.0001678658449370219
0.00014914759082135901
0.000132769118470154
0.00011846775748523728
0.00010595406662343516
9.509399408652138e-05
8.571063990627261e-05
7.764921661049342e-05
7.032725032519737e-05
6.424835537182798e-05
5.9048531577180536e-05
5.396224395388551e-05
4.948193996111466e-05
4.559147628982787e-05
4.227672754461501e-05
3.937632239255376e-05
3.695767717405094e-05
3.466254867353481e-05
3.924062448326386e-05
3.707736008252384e-05
3.47374688960609e-05
3.271986643029352e-05
3.143130143095019e-05
3.0005783832647824e-05
2.8609444322194777e-05
2.768567047442531e-05
2.6668752100913164e-05
2.568954155692695e-05
2.5309569489142134e-05
2.458966373879038e-05
2.3929943884844905e-05
2.329308436786722e-05
2.2706029968124054e-05
2.2102950401185695e-05
2.157525578011463e-05
2.111352298667745e-05
2.0769111437195308e-05
2.0527355976173823e-05
2.034562227016772e-05
2.0067395987861597e-05
2.0181575859496083e-05
0.12519021432550181
